-10.0000000000 36.0000000000 
-9.9997075900 35.8634924100 
-9.9993446400 35.7958553600 
-9.9975000000 35.6025000000 
-9.9954572400 35.4653427600 
-9.9951000000 35.4449000000 
-9.9919000000 35.2881000000 
-9.9836671600 34.9939328400 
-9.9822044400 34.9505955600 
-9.9807900400 34.9104099600 
-9.9762223600 34.7901776400 
-9.9629052400 34.4962947600 
-9.9628281600 34.4947718400 
-9.9546735900 34.3421264100 
-9.9534303600 34.3201696400 
-9.9401708400 34.1030291600 
-9.9305150400 33.9606849600 
-9.9255255900 33.8912744100 
-9.9159000000 33.7641000000 
-9.9048894400 33.6279105600 
-9.9022812400 33.5969187600 
-9.8775000000 33.3225000000 
-9.8631000000 33.1769000000 
-9.8556000000 33.1044000000 
-9.8479000000 33.0321000000 
-9.8452364400 33.0075635600 
-9.8232638400 32.8135361600 
-9.8107750000 32.7092250000 
-9.7834959100 32.4941040900 
-9.7772160000 32.4467840000 
-9.7696000000 32.3904000000 
-9.7193119600 32.0422880400 
-9.6928623600 31.8735376400 
-9.6529611900 31.6342388100 
-9.6519000000 31.6281000000 
-9.6400000000 31.5600000000 
-9.6010814400 31.3461185600 
-9.5988044400 31.3339955600 
-9.5977903600 31.3286096400 
-9.5900159100 31.2875840900 
-9.5548441600 31.1075558400 
-9.5505638400 31.0862361600 
-9.5222425600 30.9481574400 
-9.4671000000 30.6929000000 
-9.4519559100 30.6256440900 
-9.4439315100 30.5904684900 
-9.4385495100 30.5670504900 
-9.4271023900 30.5176976100 
-9.4269510000 30.5170490000 
-9.3759000000 30.3041000000 
-9.3735277500 30.2944722500 
-9.3713095900 30.2854904100 
-9.3692463600 30.2771536400 
-9.2938959100 29.9837040900 
-9.2084339100 29.6739660900 
-9.2079000000 29.6721000000 
-9.1860351600 29.5963648400 
-9.1536000000 29.4864000000 
-9.1528638400 29.4839361600 
-9.1519431900 29.4808568100 
-9.1192177500 29.3727822500 
-9.1164000000 29.3636000000 
-9.1043270400 29.3244729600 
-9.0975000000 29.3025000000 
-9.0739787100 29.2276212900 
-9.0423420400 29.1288579600 
-9.0403838400 29.1228161600 
-9.0000000000 29.0000000000 
-8.9192318400 28.7639681600 
-8.9113164400 28.7414835600 
-8.9027437500 28.7172562500 
-8.8975000000 28.7025000000 
-8.8764000000 28.6436000000 
-8.8606572400 28.6001427600 
-8.8119000000 28.4681000000 
-8.8044764400 28.4483235600 
-8.7251331900 28.2420668100 
-8.7154044400 28.2173955600 
-8.6765798400 28.1202201600 
-8.6506854400 28.0565145600 
-8.5508655600 27.8187344400 
-8.5503840000 27.8176160000 
-8.5359000000 27.7841000000 
-8.5288735900 27.7679264100 
-8.5128197500 27.7311802500 
-8.4856236400 27.6695763600 
-8.4834077500 27.6645922500 
-8.4124000000 27.5076000000 
-8.3523710400 27.3788289600 
-8.3359000000 27.3441000000 
-8.2044000000 27.0756000000 
-8.2035959100 27.0740040900 
-8.1055230400 26.8832769600 
-8.1013915900 26.8754084100 
-8.0936675100 26.8607324900 
-8.0679000000 26.8121000000 
-8.0483910000 26.7756090000 
-8.0467142400 26.7724857600 
-8.0065383900 26.6982616100 
-7.9824638400 26.6543361600 
-7.9719391900 26.6352608100 
-7.9402009600 26.5781990400 
-7.8107838400 26.3524161600 
-7.7226171900 26.2045828100 
-7.7199000000 26.2001000000 
-7.7150654400 26.1921345600 
-7.6154463600 26.0309536400 
-7.5351000000 25.9049000000 
-7.5036000000 25.8564000000 
-7.4785735900 25.8182264100 
-7.4719000000 25.8081000000 
-7.3743038400 25.6624961600 
-7.3525455900 25.6306544100 
-7.3431000000 25.6169000000 
-7.2536881600 25.4887118400 
-7.2204441600 25.4419558400 
-7.0659735900 25.2308264100 
-6.9227823600 25.0436176400 
-6.8798310400 24.9889689600 
-6.8671000000 24.9729000000 
-6.8276827900 24.9235172100 
-6.7959000000 24.8841000000 
-6.7578396400 24.8373603600 
-6.7271571900 24.8000428100 
-6.6144000000 24.6656000000 
-6.4512975600 24.4783024400 
-6.4279000000 24.4521000000 
-6.3530459100 24.3693540900 
-6.3120638400 24.3247361600 
-6.2231964400 24.2296035600 
-6.1811023600 24.1852976400 
-6.0000000000 24.0000000000 
-5.9635171900 23.9636828100 
-5.9135377500 23.9144622500 
-5.9107071600 23.9116928400 
-5.7975000000 23.8025000000 
-5.6319000000 23.6481000000 
-5.5958780400 23.6153219600 
-5.4924463900 23.5227536100 
-5.4332310000 23.4707690000 
-5.3300790000 23.3819210000 
-5.2349475900 23.3018524100 
-5.1030735900 23.1937264100 
-5.0698238400 23.1669761600 
-4.8770204400 23.0157795600 
-4.7072396400 22.8879603600 
-4.5244000000 22.7556000000 
-4.4775000000 22.7225000000 
-4.3356000000 22.6244000000 
-4.2879000000 22.5921000000 
-4.1779135900 22.5188864100 
-4.1082147100 22.4733852900 
-3.9484000000 22.3716000000 
-3.8327244400 22.3000755600 
-3.7624937500 22.2575062500 
-3.6999000000 22.2201000000 
-3.6440547900 22.1871452100 
-3.4975000000 22.1025000000 
-3.4274423100 22.0629576900 
-3.4094841600 22.0529158400 
-3.3951000000 22.0449000000 
-3.3079483900 21.9968516100 
-3.2924179900 21.9883820100 
-2.9775000000 21.8225000000 
-2.8860441600 21.7763558400 
-2.7461351100 21.7074648900 
-2.7100000000 21.6900000000 
-2.6569839600 21.6646160400 
-2.6488523100 21.6607476900 
-2.6016000000 21.6384000000 
-2.5471000000 21.6129000000 
-2.5082835900 21.5949164100 
-2.2159000000 21.4641000000 
-2.1924463600 21.4539536400 
-2.1600000000 21.4400000000 
-1.8535423600 21.3128576400 
-1.8204000000 21.2996000000 
-1.7217201600 21.2606798400 
-1.5144310000 21.1815690000 
-1.4736000000 21.1664000000 
-1.3564000000 21.1236000000 
-1.0897750000 21.0302250000 
-1.0000000000 21.0000000000 
-0.7584000000 20.9216000000 
-0.7328463600 20.9135536400 
-0.6437425600 20.8858574400 
-0.5136000000 20.8464000000 
-0.4519000000 20.8281000000 
-0.3918599100 20.8105400900 
-0.3900000000 20.8100000000 
-0.3837990000 20.8082010000 
-0.1818044400 20.7509955600 
-0.1404000000 20.7396000000 
-0.0118718400 20.7049281600 
0.0311558400 20.6935558400 
0.0489000000 20.6889000000 
0.0514361600 20.6882361600 
0.1124000000 20.6724000000 
0.1741860900 20.6565860900 
0.1761000000 20.6561000000 
0.2400000000 20.6400000000 
0.3227264100 20.6195264100 
0.3684000000 20.6084000000 
0.5164004100 20.5732004100 
0.5547014400 20.5643014400 
0.6276000000 20.5476000000 
0.7584000000 20.5184000000 
1.1749804100 20.4317804100 
1.2707918400 20.4131918400 
1.2896000000 20.4096000000 
1.3569000000 20.3969000000 
1.4244000000 20.3844000000 
1.4921000000 20.3721000000 
1.6964000000 20.3364000000 
1.6991361600 20.3359361600 
1.9225184100 20.2993184100 
2.0214758400 20.2838758400 
2.1431340900 20.2655340900 
2.2500000000 20.2500000000 
2.3201000000 20.2401000000 
2.3904000000 20.2304000000 
2.4383182400 20.2239182400 
2.4609000000 20.2209000000 
2.5117838400 20.2141838400 
2.5316000000 20.2116000000 
2.5344321600 20.2112321600 
2.5521404100 20.2089404100 
2.5556835600 20.2084835600 
2.5613536400 20.2077536400 
2.5797902400 20.2053902400 
2.5804996100 20.2052996100 
2.5826278400 20.2050278400 
2.5861752900 20.2045752900 
2.6025000000 20.2025000000 
2.6053401600 20.2021401600 
2.6266515600 20.1994515600 
2.6323376400 20.1987376400 
2.6536718400 20.1960718400 
2.6942564100 20.1910564100 
2.7449000000 20.1849000000 
2.9225870400 20.1641870400 
3.2263142400 20.1319142400 
3.3926721600 20.1158721600 
3.4344240900 20.1120240900 
3.4483558400 20.1107558400 
3.4769752100 20.1081752100 
3.4960716900 20.1064716900 
3.5954438400 20.0978438400 
3.8920198400 20.0744198400 
3.9129000000 20.0729000000 
4.1917958400 20.0541958400 
4.3641000000 20.0441000000 
4.3959536400 20.0423536400 
4.5870524900 20.0326524900 
4.9769000000 20.0169000000 
5.2662118400 20.0086118400 
5.3664000000 20.0064000000 
5.5236000000 20.0036000000 
5.6816000000 20.0016000000 
