-1.9750600423 1.4813886248 
-1.9693290187 1.4509415279 
-1.9496985868 1.4440055887 
-1.9451366979 1.3947339346 
-1.9295021165 1.3850743459 
-1.8981925324 1.2510354554 
-1.8814734663 1.2442835965 
-1.8797535597 1.1808077479 
-1.8547948976 1.1200174100 
-1.8448386032 1.1089721104 
-1.8173638668 1.0472113283 
-1.7656600020 0.9719813740 
-1.7197133449 0.8982338107 
-1.6452398419 0.8937623823 
-1.6387244367 0.8617556725 
-1.6123826824 0.8494218821 
-1.5443595206 0.7454781177 
-1.5184441679 0.7132076598 
-1.5168768379 0.6832512858 
-1.4896343200 0.6550515019 
-1.4470284868 0.6043235312 
-1.3787846867 0.5691667743 
-1.3493209961 0.5539811849 
-1.3032245415 0.4716674388 
-1.1946775740 0.4685723475 
-1.1187276716 0.3705982409 
-1.0907100061 0.3590905079 
-1.0827149142 0.3249357897 
-1.0506099342 0.3122760612 
-0.9647235823 0.2772549477 
-0.9340459038 0.2464353235 
-0.8989076550 0.2245040206 
-0.8207554168 0.2029157265 
-0.7317060214 0.1956928890 
-0.7290498993 0.1833720315 
-0.7116271458 0.1595107712 
-0.6953349364 0.1526940331 
-0.6863201304 0.1442223397 
-0.6191108000 0.1131859929 
-0.5657581533 0.0962003365 
-0.5378259021 0.0917646141 
-0.5184805213 0.0822255938 
-0.4847884386 0.0776405204 
-0.4144895018 0.0720394626 
-0.3907411115 0.0706916244 
-0.3781987871 0.0590318580 
-0.2657719797 0.0288675655 
-0.2101665373 0.0226495653 
-0.1686139954 0.0155452176 
-0.1432136364 0.0003733820 
-0.1019965478 -0.0070459536 
-0.0971691691 -0.0121516527 
-0.0950859019 -0.0126184010 
-0.0762897203 -0.0175591317 
-0.0718616815 -0.0230243838 
-0.0628300298 -0.0249110645 
0.0054211666 -0.0487185596 
0.0070631062 -0.0707891898 
0.0084950919 -0.0794396559 
0.0110085603 -0.0912263171 
0.0154830070 -0.1239324236 
0.0167159043 -0.1391244700 
0.0175571298 -0.1404139956 
0.0212113574 -0.1629569303 
0.0263554677 -0.1947407408 
0.0293029618 -0.2080326790 
0.0422325261 -0.2581361528 
0.0450215611 -0.2723959961 
0.0706082393 -0.3641770646 
0.0818703973 -0.4032078940 
0.0920370860 -0.4236175831 
0.0972721895 -0.4496496085 
0.1249270266 -0.4867515940 
0.1342713027 -0.5179741280 
0.1442542142 -0.5621371317 
0.1534964199 -0.5746446313 
0.1716941791 -0.5933319659 
0.1772745238 -0.6126253518 
0.1892546558 -0.6287528005 
0.2148057878 -0.6325472870 
0.2452131665 -0.6559372240 
0.3290335557 -0.6783801492 
0.3366982350 -0.6871725229 
0.3602255202 -0.7131681529 
0.5346490215 -0.9743344504 
